$coord
         -5.625229245286         -0.295851322301          0.000175778582     c 
         -3.058994373669         -1.601577683107         -0.000509603893     c 
         -0.902432040622          0.285390421139         -0.000001811089     c 
         -1.152970750023          2.554417135884          0.000145158245     o 
          1.442831629979         -0.856238320706          0.000546352960     n 
          3.707902034673          0.446193081870         -0.000364743439     c 
          5.888876208289         -0.472958274437         -0.000049396405     n 
         -7.136500641387         -1.686750987331         -0.003140735080     h 
         -5.813429939305          0.900286669603         -1.659664920763     h 
         -5.815580290593          0.894978974142          1.663553187582     h 
         -2.869641550184         -2.802027539838         -1.671978833528     h 
         -2.869457833367         -2.803466644066          1.669913662769     h 
          1.527350253937         -2.770275377861          0.001034252906     h 
          3.476941313345          2.481528406792         -0.001793125098     h 
          5.969709261734         -2.398117091624          0.001212282601     h 
$end
