           1           2  0.998063601109864     
           2           3  0.972615576098501     
           3           4   1.72192923059186     
           3           5   1.17669880949975     
           4           5  0.149370643503695     
           5           6   1.08956841004234     
           5           7  0.125652468940592     
           6           7   1.89732169573190     
           1           8  0.983539299559722     
           1           9  0.986256634885033     
           1          10  0.987882830270308     
           2          11  0.965751011199964     
           2          12  0.973998281839262     
           5          13  0.932056967484040     
           6          14  0.948123624143490     
           7          15  0.929457186534922     
