           1           2   1.01992830075546     
           2           3  0.776317962424394     
           3           4  0.971562287063093     
           4           5  0.998554658941884     
           5           6  0.993366553996729     
           2           7  0.831162275349411     
           3           7   1.02317822326348     
           6           7  0.958682719352418     
           2           8  0.552264993980385     
           3           8  0.100782636781069     
           6           8  0.959231427579565     
           2           9  0.698206324995054     
           4           9  0.956666701835988     
           8           9   1.13444256499857     
           1          10  0.975099561653819     
           1          11  0.978891816339861     
           1          12  0.977082205198946     
           3          13  0.964004764947009     
           4          14  0.974673547532629     
           5          15  0.974037757031602     
           5          16  0.974384609310210     
           6          17  0.972809419262451     
           9          18  0.968708682900752     
