$coord
          5.459974126898         -1.024130763948          0.151952279752     c 
          2.617212669329         -1.500615805297         -0.004639609292     c 
          1.258900082353          0.838640340488         -0.918643817318     c 
          0.284960037777          2.549754683588          0.824875938979     o 
         -1.506268995736          1.250947248330         -0.634215294554     c 
         -3.129977189142         -0.621625774358          0.660830780664     c 
         -5.063945654953         -1.445226057116         -0.201852524649     o 
          6.419456977093         -2.703445638353          0.842509029433     h 
          5.847875942762          0.531928315281          1.436919127296     h 
          6.219293550444         -0.551465306261         -1.698723226709     h 
          1.905208135589         -2.034663655881          1.854164133732     h 
          2.232896844449         -3.044403752666         -1.321184634975     h 
          2.112038266165          1.712652728961         -2.578718793373     h 
         -2.454294228939          2.352284749390         -2.090340803406     h 
         -2.427756197847         -1.202699773481          2.540017113812     h 
$end
