           1           2   1.00871173980070     
           2           3   1.00420077208065     
           3           4  0.957907101201731     
           3           5  0.900010764266863     
           4           5  0.923807428657640     
           5           6   1.02859033410118     
           6           7   1.90318569560434     
           1           8  0.987354514768415     
           1           9  0.987361490910575     
           1          10  0.985134213644303     
           2          11  0.969931224593900     
           2          12  0.970902977260761     
           3          13  0.957901555264684     
           5          14  0.960925010859243     
           6          15  0.929669230487062     
