$coord
          3.354282062453         -2.922231030969         -0.383884903014     c 
          3.180258493665         -0.315427828138          0.840294650340     c 
          1.577633459077          1.452978022966         -0.726046011430     c 
          0.045423249567          3.230548876214          0.455316014231     o 
         -1.227720567177          1.288879327865         -0.825425050646     c 
         -2.626193108258         -0.587294357029          0.704420276882     c 
         -4.244227520528         -1.953618282276         -0.121396082171     o 
          4.568448401043         -4.146350931077          0.731547911411     h 
          4.136704253086         -2.777663772760         -2.278964776302     h 
          1.492467173077         -3.787145711762         -0.513495676135     h 
          5.067592003968          0.505731589787          1.003947355852     h 
          2.392302742267         -0.467223180440          2.739077755221     h 
          2.473412535303          2.112846863253         -2.459971312333     h 
         -2.146935306691          1.822922250633         -2.586320286943     h 
         -2.076777636321         -0.626001517848          2.718670980909     h 
$end
