           1           2   1.00876094451158     
           2           3   1.00417593999914     
           3           4  0.957898860125292     
           3           5  0.900041509850231     
           4           5  0.923841684154513     
           5           6   1.02854920657568     
           6           7   1.90325200633952     
           1           8  0.987367314062248     
           1           9  0.985134807407347     
           1          10  0.987352087393766     
           2          11  0.969957290350321     
           2          12  0.970878817081518     
           3          13  0.957901563001227     
           5          14  0.960905472529358     
           6          15  0.929662210931474     
