$coord
         -2.550991790214          2.937113908439          0.865734998426     c 
         -1.857922254823          0.350096413286         -0.038029273889     c 
         -3.032114373240         -0.853689484310         -1.580817965089     o 
          0.560347399801         -0.785320715697          1.104345166269     c 
          0.727350561857         -3.378276202293          0.552659894637     o 
          2.676755955184          0.645827137069          0.043429927325     c 
          4.411112988899          1.722674470732         -0.931169945485     c 
         -3.956485870777          3.772090725500         -0.378634515887     h 
         -0.882304206577          4.131910950215          0.974379867586     h 
         -3.349643660477          2.777716872642          2.757785733069     h 
          0.557233919545         -0.564186737118          3.168719862576     h 
         -0.331223666557         -3.671339972633         -0.918248328351     h 
          5.946873514821          2.693184685768         -1.727807314767     h 
$end
