           1           2   1.02197036964767     
           2           3   1.85028772816755     
           2           4  0.932579736075792     
           4           5  0.998505149749486     
           4           6  0.995901848328776     
           6           7   2.89799978886703     
           1           8  0.977840672947095     
           1           9  0.963209346469083     
           1          10  0.944514558167164     
           4          11  0.929118666054513     
           5          12  0.872195198084097     
           7          13  0.965551775047041     
