    0.07418023
   -0.20976369
    0.02976906
    0.01879645
   -0.04631148
    0.00091884
   -0.04014174
   -0.04022180
    0.01152275
   -0.03173122
   -0.01489292
    0.04584101
   -0.23587091
    0.08112378
    0.00763015
   -0.03277742
   -0.02829816
   -0.02691772
   -0.01310576
    0.05506762
   -0.14883871
    0.06024534
   -0.01209465
    0.06104837
   -0.26101032
    0.36033538
   -0.24064520
    0.08270243
    0.05440331
    0.05333522
    0.04204948
    0.03911339
    0.04279799
    0.06236394
    0.03777090
    0.03726386
    0.05110693
    0.07323524
