$coord
         14.624861422050         -0.787905503536          0.066021033859     c 
         13.695222124246          1.470137297472          0.068044624026     n 
         11.123700430173          1.443904488451          0.002024800915     c 
         10.008015039611         -0.891219416911         -0.043650374168     c 
         12.369217383793         -3.172388572215         -0.023968633686     s 
          7.347225858118         -1.376961236014         -0.081482597722     c 
          6.240454102657         -3.688698108078         -0.122882433572     c 
          3.513027304499         -3.737969851161         -0.105409472811     c 
          2.340749388400         -1.452435757727         -0.048710819320     c 
          4.786309310041          1.125634709436         -0.023765402542     se
         -0.310287570936         -0.892381601961         -0.018397306604     c 
         -2.147770086719         -2.748753209841         -0.014434535414     c 
         -4.652818719761         -2.401853004417         -0.009721365389     n 
         -5.560911081856         -0.053211557881         -0.026812318239     c 
         -8.281056335830          0.282369067031         -0.078167023466     c 
         -9.413016542699          2.623619995500         -0.287475453877     c 
        -12.049922557897          2.956914448856         -0.367397610207     c 
        -13.656170675021          0.949736380773         -0.224402645344     c 
        -12.611346399881         -1.504643760958          0.001369268400     c 
        -13.674410507738         -3.917796144339          0.147570896754     c 
        -11.821043921086         -5.686789690850          0.263841058476     o 
         -9.577800025458         -4.442795854833          0.191594949299     c 
         -9.962739611676         -1.847616283436          0.033346395497     c 
         -3.885472659577          2.090540962021          0.027543732321     c 
         -4.479318324450          4.506084583453          0.119187032716     n 
         -1.863287221186          6.166727521511          0.227779757203     s 
          0.128892016448          3.787199754766          0.070763034867     n 
         -1.187324784515          1.677817405079          0.003412589573     c 
         16.626972365744         -1.135664925398          0.115766364942     h 
         10.057477576417          3.186449768647         -0.006797048120     h 
          7.331677748398         -5.408873578959         -0.160975680436     h 
          2.473663200494         -5.488393247095         -0.122746972347     h 
         -1.547047735762         -4.690963932955          0.004504467558     h 
         -8.219901899224          4.257136733351         -0.397774530221     h 
        -12.804321944975          4.842123813106         -0.533063207213     h 
        -15.671965187242          1.184533458977         -0.270868309043     h 
        -15.676749811018         -4.327280301500          0.150585970191     h 
         -7.746849609902         -5.343331051678          0.239148233996     h 
$end
