           1           2   1.6375425134603083     
           2           3   1.2915778426043754     
           3           4   1.4928631768930609     
           1           5   1.1666251060392370     
           2           5  0.16189973639282856     
           4           5   1.1323670538886603     
           4           6   1.1702462834627883     
           6           7   1.4726678357333371     
           7           8   1.3398462813536536     
           8           9   1.4614494884174629     
           6          10   1.1350489987705059     
           9          10   1.1464872957179202     
           9          11   1.1584025056097957     
          11          12   1.3872318136619413     
          12          13   1.3980861879204196     
          13          14   1.4219249231512512     
          14          15   1.1194479994161324     
          15          16   1.4835968775591257     
          16          17   1.3099708395962950     
          17          18   1.5733175174275604     
          18          19   1.2359578260117572     
          19          20   1.4355810856712907     
          20          21   1.1688707247314454     
          20          22  0.19085581744912775     
          21          22   1.1625570458136507     
          15          23   1.1728238986520558     
          19          23   1.1663560443074035     
          22          23   1.4719595305660094     
          14          24   1.1682390863048135     
          24          25   1.3883420294054492     
          24          26  0.10003072155048376     
          25          26   1.4424557176892077     
          10          27  0.17492607311401931     
          25          27  0.15651507516942184     
          26          27   1.3798250713672207     
          11          28   1.1944622635426927     
          24          28   1.1819884327163497     
          27          28   1.3808242863438756     
           1          29  0.96485466667531183     
           3          30  0.94608928366499934     
           7          31  0.96042796566774569     
           8          32  0.96085186278312751     
          12          33  0.95830020921233861     
          16          34  0.95728277119410932     
          17          35  0.97028559564947658     
          18          36  0.96832652299191213     
          20          37  0.96608458635286787     
          22          38  0.96091077532873070     
