$coord
         -5.625385041738          0.297002144443          0.003971297583     c 
         -3.058535751005          1.601449225387         -0.001909051884     c 
         -0.902498480218         -0.286082424485         -0.001845391586     c 
         -1.153331624017         -2.555059999012         -0.000954998622     o 
          1.442767903970          0.855545531176         -0.002787532773     n 
          3.708212231504         -0.446256657113         -0.000120152720     c 
          5.888824565642          0.473843037380          0.003206345333     n 
         -7.135834724556          1.688841448708          0.002383235068     h 
         -5.813627350867         -0.892483967084          1.668561348147     h 
         -5.817304098067         -0.900160649330         -1.654689724907     h 
         -2.866148127405          2.805478350227          1.666635687463     h 
         -2.870982134810          2.799540944872         -1.675312462054     h 
          1.526974365844          2.769606442134         -0.003118408909     h 
          3.478274386162         -2.481660283088          0.000310353766     h 
          5.968856593921          2.399038919688          0.003416733918     h 
$end
