           1           2  0.997141927622804     
           2           3  0.974579892418140     
           3           4   1.73720273413626     
           3           5   1.15866296281812     
           4           5  0.147977559072824     
           5           6   1.11803065926087     
           5           7  0.129032300463052     
           6           7   1.86845959154463     
           1           8  0.986436084535574     
           1           9  0.983468904112806     
           1          10  0.987828525596167     
           2          11  0.973665583403141     
           2          12  0.965476912387462     
           5          13  0.925117409329227     
           6          14  0.943816459772475     
           7          15  0.943767914329628     
