$coord
         -2.559014697897         -2.931569742439         -0.868659834471     c 
         -1.857985467448         -0.348213025387          0.039332926921     c 
         -3.027053720062          0.855422790336          1.586156392449     o 
          0.560955413023          0.783733178212         -1.105164015390     c 
          0.730974398907          3.376955856125         -0.555420973532     o 
          2.676346237029         -0.649215155642         -0.044207489374     c 
          4.409417430407         -1.726684828783          0.931942845184     c 
         -3.963670037771         -3.766318284896          0.376821022366     h 
         -0.893504670825         -4.130143413927         -0.984301533745     h 
         -3.362044989173         -2.765549157325         -2.758322919427     h 
          0.556708580570          0.561653098385         -3.169362869813     h 
         -0.321689372048          3.671181663953          0.919408225954     h 
          5.944995175742         -2.698185894083          1.727782849953     h 
$end
