           1           2   1.02200356674258     
           2           3   1.85029951308479     
           2           4  0.932585313842338     
           4           5  0.998476747771182     
           4           6  0.995927999377007     
           6           7   2.89802649508583     
           1           8  0.944602611898943     
           1           9  0.977908016992438     
           1          10  0.963040013512336     
           4          11  0.929125373593684     
           5          12  0.872143148899188     
           7          13  0.965553269132577     
