    0.06963457
   -0.20570037
    0.03726405
    0.01029969
   -0.00293630
    0.08081318
   -0.23676377
    0.04419509
   -0.01581981
    0.01224709
   -0.00383825
    0.01209366
    0.01388494
   -0.03062975
   -0.02602137
   -0.02726336
   -0.02592808
   -0.03194430
    0.00085671
   -0.06026789
   -0.02132440
   -0.03982407
   -0.00890517
    0.08152898
   -0.26543318
    0.36006922
   -0.26383985
    0.06258027
    0.06025297
    0.06764214
    0.04855493
    0.05520665
    0.03847562
    0.03720072
    0.03730255
    0.04621799
    0.04895056
    0.04116837
