$coord
         14.518667157769          0.924304095758         -0.324070027688     c 
         13.838444268939          3.266277684343         -0.473550090569     n 
         11.273011634136          3.528365769534         -0.416353536809     c 
          9.910839672891          1.335229161397         -0.226425589036     c 
         11.999123377108         -1.159443034835         -0.072499739501     s 
          7.202710267255          1.077859560708         -0.171371243730     c 
          5.771283989036          3.107724502750         -0.520935442880     n 
          3.253721297283          2.830629394959         -0.439941446275     c 
          1.931160846745          0.624435569661          0.010403523764     c 
         -0.784414112012          0.505177992342          0.108208347615     c 
         -2.353982764679         -2.387420028215          0.099649179558     s 
         -5.376682776769         -1.073181650512          0.002407997275     c 
         -7.701127251575         -2.536784313445         -0.172069070768     c 
        -10.077677051164         -1.401748620302         -0.150893819020     c 
        -12.245664909713         -2.824640973801         -0.389951443114     c 
        -12.091787007628         -5.421181169614         -0.620565329470     c 
         -9.755346745814         -6.583714549072         -0.610442952140     c 
         -7.588076384461         -5.160614598216         -0.387914223298     c 
         -5.124025010825          1.494876246005          0.118009590019     c 
         -7.423555607813          4.235665642360          0.152107078071     se
         -4.604267167300          6.436719364509          0.373511330211     c 
         -2.411638677180          5.199119360118          0.367507651973     c 
         -2.587656465813          2.419412342662          0.198403020190     c 
          3.409996484165         -1.639594929873          0.271422017832     c 
          2.655321793873         -3.994869658042          0.517670259678     n 
          5.174296534776         -5.812795165839          0.627481825655     s 
          7.305857309515         -3.577319561880          0.315148653591     n 
          6.117968421394         -1.393180183706          0.156861228693     c 
         16.461384581605          0.318965115394         -0.376353697436     h 
         10.386685668617          5.363385330088         -0.570983957247     h 
          2.204111722601          4.522234271178         -0.836917496606     h 
        -10.210297267498          0.611909877042          0.047716365779     h 
        -14.065098496485         -1.908758022973         -0.384417628036     h 
        -13.791995322890         -6.538230842535         -0.790754905644     h 
         -9.629481748895         -8.603768622257         -0.828841393336     h 
         -5.774731502446         -6.071568982386         -0.353428472342     h 
         -4.833738306518          8.445866832789          0.493692265046     h 
         -0.635266525625          6.167256657249          0.555409638918     h 
$end
