           1           2   1.6145363210389514     
           2           3   1.3069776975067373     
           3           4   1.4841779783433688     
           1           5   1.1996621411082631     
           2           5  0.15774289885922288     
           4           5   1.1536683862585262     
           4           6   1.1362796268784705     
           6           7   1.4135644189884999     
           7           8   1.4017512259409703     
           8           9   1.3790107607814166     
           9          10   1.1707625655093057     
          10          11   1.1412412219684844     
          11          12   1.1424179695672896     
          12          13   1.1193394272350892     
          13          14   1.3566074100076535     
          14          15   1.4598858106185162     
          15          16   1.4273848379098149     
          14          17  0.10199848021231174     
          16          17   1.4225684893576767     
          13          18   1.3537001648502953     
          15          18  0.10370972703856363     
          17          18   1.4678229885241478     
          12          19   1.4403809476693981     
          19          20   1.0975064572640025     
          20          21   1.1468339577736530     
          20          22  0.10334284218640345     
          21          22   1.6921786227183508     
          10          23   1.3659579167161824     
          19          23   1.2097900455440092     
          22          23   1.1825903413995555     
           9          24   1.1895796931308344     
          24          25   1.3900381938674853     
          25          26   1.4184463342902689     
          25          27  0.16067392906966915     
          26          27   1.4326130995912623     
           6          28   1.1787926208171426     
          24          28   1.1781238262096978     
          27          28   1.3875619909090111     
           1          29  0.96426795067253412     
           3          30  0.95754855558583274     
           8          31  0.95372637530082627     
          14          32  0.93503129429773602     
          15          33  0.97004821994822443     
          16          34  0.97092334757929588     
          17          35  0.97024162612614073     
          18          36  0.95958791915231612     
          21          37  0.96028341789896354     
          22          38  0.95321407266983860     
