$coord
         -4.951813224436          0.068269171362         -0.763787527157     n 
         -2.708894477048         -0.124438917080         -0.081082377076     c 
         -0.726732514455         -2.153143204389          0.397058260298     c 
          0.930652373832          0.161928616381          1.055876065677     c 
         -1.150407534393          1.826929963502          0.531629607046     o 
          3.124630304340          0.525017873254         -0.717372945376     c 
          5.206647610190         -0.291151767757         -0.362581328346     o 
         -5.841566345781         -1.584436499040         -1.144994637893     h 
         -0.144594629831         -3.218226528295         -1.263087852245     h 
         -1.117650751702         -3.431260267953          1.957095161422     h 
          1.533643143496          0.281266775808          3.029245169012     h 
          2.612286346317          1.580199849178         -2.446604384460     h 
$end
