           1           2   1.85489321002952     
           2           3  0.955880348582617     
           3           4  0.951832229980077     
           1           5  0.136054405880610     
           2           5   1.07582255973471     
           4           5  0.952522895174396     
           4           6  0.991175910061720     
           6           7   1.93391265615997     
           1           8  0.936280391575795     
           3           9  0.964531588279683     
           3          10  0.962440313240092     
           4          11  0.950352501358224     
           6          12  0.928077498484876     
