   -0.03451235
   -0.01578774
    0.00525624
    0.00152149
   -0.03964519
    0.00824322
   -0.04048812
    0.03885338
   -0.02132130
    0.00303662
   -0.04183079
   -0.03391442
   -0.02594194
   -0.01379370
   -0.08020090
   -0.01163245
   -0.02854054
    0.01042463
   -0.09484409
   -0.02182747
    0.00363557
    0.01037095
   -0.03361182
   -0.02962044
   -0.02971663
   -0.03574091
    0.00878890
    0.01713954
   -0.09065103
   -0.00720645
   -0.04601627
   -0.00731338
    0.04798680
    0.03776541
    0.04758640
    0.02756704
    0.02739773
    0.03010126
    0.16122802
    0.03350475
    0.04118674
    0.03795190
    0.03252170
    0.03230847
    0.03971070
    0.04013161
    0.03993884
