$coord
          6.899218454134          6.829383815170         -0.305180565771     c 
          7.865800429898          3.717474526400         -0.400839962775     s 
          4.817664570847          2.453062285405         -0.067068387633     c 
          4.058721709999         -0.159290190777          0.010705836075     c 
          1.526720164808         -0.687678658187          0.247923435145     c 
          0.548550268014         -3.149688401387          0.311349574054     c 
         -2.081421880827         -3.516743953056          0.486762159243     c 
         -3.084333607986         -5.907655720127          0.524455141742     c 
         -6.415802187154         -6.311892428068          0.678438458410     s 
         -7.455145442569         -3.401365962891          0.016203261077     c 
        -10.499184374060         -0.574012831731         -2.125178560961     c 
        -10.815991032948          1.963858307706         -2.328084758026     c 
         -8.855705964765          3.190090304334         -0.882241500513     c 
         -7.919340546493          5.532952804699         -0.116131912207     c 
         -5.907811410679          5.074446854538          1.444706312210     n 
         -5.530382858666          2.519108893870          1.711635108999     c 
         -7.326281177124          1.302144204005          0.235578786398     c 
         -8.332561406739         -1.162679615711         -0.542835145259     c 
         -1.408844784260         -7.877670670316          0.412526543752     c 
          1.106691063596         -7.667930855721          0.239246274868     c 
          2.210511880272         -5.246038240759          0.161684645897     c 
          4.901291372384         -4.781539615478         -0.089048257667     c 
          6.645280581974         -6.769685991609         -0.285756378307     c 
          9.179675708476         -6.318723141467         -0.545808862044     c 
         10.075717637413         -3.855628026042         -0.613996042649     c 
          8.427123661928         -1.876962932043         -0.425620686724     c 
          5.816976350987         -2.261663097730         -0.166271023815     c 
          3.166839878569          4.484458000520          0.109539339616     c 
         -0.101830907473          4.788701036964          0.459658627999     s 
          0.066165661956          8.086727920433          0.436451632294     c 
          2.454471116540          8.939456480802          0.172421956114     c 
          4.305497625692          6.918703644597         -0.016715652710     c 
          8.127033465686          8.436412725105         -0.455727497058     h 
          0.201680327496          0.841188126451          0.371858573817     h 
         -3.310363913597         -1.902978418423          0.545749698126     h 
        -11.677601222887         -1.972654479333         -3.012513479321     h 
        -12.265128333746          2.919708331760         -3.388127278939     h 
         -8.677443498233          7.360643682043         -0.594767347335     h 
         -4.918015845957          6.438076900357          2.391668306571     h 
         -4.132241530749          1.643718370287          2.904238703870     h 
          2.250220440311         -9.349656816697          0.147951940527     h 
          5.982592188107         -8.689199432719         -0.237960695817     h 
         10.483272790293         -7.875272881907         -0.706628717757     h 
         12.072775852084         -3.507518917574         -0.814562752186     h 
          9.148384690793          0.019832305341         -0.478417138333     h 
         -1.572682505480          9.271137140133          0.613184430298     h 
          2.970248089837         10.909779932909          0.101874646314     h 
$end
