           1           2   1.2085859834654631     
           1           3  0.11930304388293117     
           2           3   1.1314542826431657     
           3           4   1.0836448851243858     
           4           5   1.5495262696724541     
           5           6   1.2193406526630171     
           6           7   1.2997314150424697     
           7           8   1.4494981588030387     
           8           9  0.73460434076676884     
           9          10   1.5943984010827790     
          11          12   1.7252337045981530     
          12          13   1.1260071641454268     
          13          14   1.4901910404890157     
          14          15   1.2188613984057333     
          14          16  0.11756718776084343     
          15          16   1.2196847881539519     
          13          17   1.1965354263741703     
          16          17   1.5054720585688637     
          10          18   1.6985333117363366     
          11          18   1.0585761034274910     
          17          18   1.0222025941440605     
           8          19   1.5670653352764332     
           9          19  0.12904036022085039     
          10          19  0.32589926576848316     
           7          20  0.11845811297859613     
          19          20   1.4993993689332632     
           6          21   1.2767094893321176     
          20          21   1.2874477015860788     
          21          22   1.1613648391260925     
          22          23   1.3302772570527688     
          23          24   1.5090665055186663     
          24          25   1.3640318177237609     
          23          26  0.11094232449483511     
          25          26   1.5078489227189491     
           4          27   1.1614970843339198     
          22          27   1.2814564565676723     
          26          27   1.3284619725166960     
           3          28   1.4944767645050632     
          28          29   1.0726495310285566     
          29          30   1.1146623352549467     
          29          31  0.10589233552439709     
          30          31   1.7192484320277517     
           1          32   1.4979629403080985     
          28          32   1.1793713589917647     
          31          32   1.1563733580001545     
           1          33  0.96807041168952890     
           5          34  0.96245988972506757     
           7          35  0.94890063546854697     
          11          36  0.97211394910406934     
          12          37  0.96851288198554208     
          14          38  0.97007168651886133     
          15          39  0.94602641814039568     
          16          40  0.96823541284231607     
          20          41  0.95670128636457175     
          23          42  0.96194788533813858     
          24          43  0.97073706837070417     
          25          44  0.97075252842862914     
          26          45  0.95875489171416228     
          30          46  0.96996533114251982     
          31          47  0.96179473671542925     
