$coord
         -2.430555452611         -1.315620318473         -0.000036550708     c 
         -0.000018493266          0.176052457938          0.000264374430     c 
          2.430405396067         -1.315887604748         -0.000047988439     c 
          0.000162795689          2.462325828414         -0.000070486423     o 
         -2.115866695182         -3.340714223652          0.001426969891     h 
         -3.534023213162         -0.787121009349         -1.654896558897     h 
         -3.535769865976         -0.784729622159          1.652894538488     h 
          2.115474349273         -3.340935075553          0.002906960621     h 
          3.536278921437         -0.784025208959          1.652189091567     h 
          3.533330847851         -0.788370743642         -1.655545082957     h 
$end
