$coord
          1.043408966422         -3.579320409685          0.316258165062     c 
          1.808316740095         -1.087885770149         -0.874289489762     c 
          3.049117325741          0.877333719311          0.865226470679     c 
          1.103873477018          2.687929668658          0.347178188174     o 
         -0.270496345655          0.949348751108         -1.212132706742     c 
         -2.734513739469          0.328056486185         -0.205601956534     c 
         -4.673171996693         -0.166947080276          0.611982113595     n 
          2.723408861724         -4.688297057702          0.734604388998     h 
         -0.151000342512         -4.650221266942         -0.970734845776     h 
          0.001900257420         -3.272180263581          2.062961918803     h 
          2.858833993009         -1.411616998685         -2.618703110091     h 
          4.903272912377          1.576449484080          0.285697442497     h 
          3.086606292649          0.361204716109          2.866455657705     h 
         -0.512213745972          1.676989423349         -3.142172052514     h 
$end
