           1           2   1.02008819325536     
           2           3  0.991015347317550     
           3           4  0.970932127707777     
           2           5  0.945165498238739     
           4           5  0.958886458105573     
           5           6   1.02984539141152     
           6           7   2.85827464231711     
           1           8  0.981068411065015     
           1           9  0.982250458320452     
           1          10  0.983580513674182     
           2          11  0.972125197658802     
           3          12  0.974888225674938     
           3          13  0.972926615449325     
           5          14  0.938612351332101     
