$coord
         -4.669609829734          0.180927863047          0.001114977287     n 
         -3.174313780961         -1.679740782054         -0.000132945692     c 
         -0.612956588348         -1.372167301574         -0.001237989228     n 
          0.676071523467          0.900531145007         -0.000559743901     c 
         -0.187802271809          3.123966593235         -0.000344732237     n 
          3.480080492541          0.572348166413          0.000213314982     c 
          4.515136009967         -1.455034061800          0.000802975526     o 
         -6.530497885770         -0.273270863504          0.002001088278     h 
         -3.723497205420         -3.682289210686         -0.001025388094     h 
          0.500231877966         -2.931731168171         -0.001826584488     h 
         -2.112089265011          3.215117126660         -0.000411094997     h 
          4.513973569269          2.375572085190          0.000728282412     h 
$end
