           1           2   1.82542679906257     
           2           3   1.15949277343645     
           3           4   1.16135349916951     
           3           5  0.161568672985354     
           4           5   1.72991703913168     
           4           6  0.989005321021565     
           6           7   1.91758622339490     
           1           8  0.950874585237081     
           2           9  0.935154784932691     
           3          10  0.914114778586732     
           5          11  0.944037672833278     
           6          12  0.929408553687978     
