$coord
          1.043414365485         -3.579232937205          0.316396141970     c 
          1.808179066855         -1.087907039005         -0.874447012701     c 
          3.049395849621          0.877218315130          0.864902580143     c 
          1.104026864239          2.687811893647          0.347421637423     o 
         -0.270549836326          0.949437392387         -1.211982126596     c 
         -2.734605609885          0.328098621068         -0.205512393609     c 
         -4.673378079426         -0.166899579618          0.611835600739     n 
          2.723421727472         -4.688296344238          0.734531423891     h 
         -0.151294226808         -4.650173760486         -0.970297764444     h 
          0.002220315868         -3.271898553593          2.063263544248     h 
          2.858371225076         -1.411827970015         -2.619043651688     h 
          4.903425098482          1.576362458492          0.284955057899     h 
          3.087383949680          0.361121560987          2.866101223467     h 
         -0.512301421302          1.677277980284         -3.141997939239     h 
$end
