           1           2   1.02008669546641     
           2           3  0.991016714987257     
           3           4  0.970931394889159     
           2           5  0.945170782958711     
           4           5  0.958892263310014     
           5           6   1.02983118973791     
           6           7   2.85828699970809     
           1           8  0.981066661027180     
           1           9  0.982253317390129     
           1          10  0.983578869360412     
           2          11  0.972123624814014     
           3          12  0.974889121826613     
           3          13  0.972925757676942     
           5          14  0.938612983445246     
