$coord
         -4.670123834995         -0.180634103258         -0.000577682965     n 
         -3.174316010683          1.679615675352          0.000283739080     c 
         -0.613009347532          1.371785713728          0.000340329636     n 
          0.676182175751         -0.900718035676          0.000260158826     c 
         -0.187325139496         -3.124325450338         -0.000114912375     n 
          3.480178402906         -0.572047493581          0.000498878508     c 
          4.515018506827          1.455420661605         -0.000729100947     o 
         -6.530909504915          0.274174214543         -0.000048676362     h 
         -3.723092118860          3.682284399982          0.001232629753     h 
          0.500197192685          2.931346892964          0.001223745344     h 
         -2.111601515639         -3.215836137611         -0.000239936019     h 
          4.514179080720         -2.375161736277          0.001874885942     h 
$end
