           1           2   1.81144761106897     
           1           3  0.114110255374410     
           2           3   1.18083342042558     
           3           4   1.11669294328619     
           3           5  0.147816507699444     
           4           5   1.77674983290101     
           4           6  0.990846923470124     
           6           7   1.90777436188015     
           1           8  0.949744796194576     
           2           9  0.938447981455081     
           3          10  0.924516608061673     
           5          11  0.915496804007269     
           6          12  0.932675874264481     
