$coord
         -5.015101860904          0.425502818680         -0.000128009436     c 
         -2.363492940566          1.045719367942          0.000478979862     n 
         -0.470876791362         -0.671735256690          0.000323803705     c 
         -0.612880763776         -3.075409148380         -0.000335602571     n 
          2.118802636948          0.530431593744         -0.000207810282     c 
          4.315157941500         -1.246431903621          0.000308232694     c 
          2.320094993680          2.816084555073         -0.000329146875     o 
         -6.112628324637          2.160150084460         -0.000504151386     h 
         -5.510798350256         -0.676763318102          1.678828981436     h 
         -5.509867295480         -0.676819303613         -1.679350237775     h 
         -1.829617479879          2.878004998175          0.000615417115     h 
         -2.403454605448         -3.770688387459         -0.000680149412     h 
          3.647088704282         -3.183567136477          0.002208601719     h 
          5.479047005514         -0.878437601410          1.656696476356     h 
          5.477018628017         -0.881233802494         -1.658112444982     h 
$end
