           1           2   1.00701050990685     
           2           3   1.23174266851823     
           2           4  0.218517540944428     
           3           4   1.69255118733487     
           3           5  0.952746123296940     
           5           6   1.02310388650085     
           5           7   1.84347902766444     
           1           8  0.979464908036986     
           1           9  0.982344009622200     
           1          10  0.972998062883407     
           2          11  0.936959667749161     
           4          12  0.950350911646746     
           6          13  0.947255043651843     
           6          14  0.981107923300445     
           6          15  0.949022931617462     
