$coord
          1.478168568809         -3.342340334093         -0.294869904879     o 
          0.701739195902         -0.949942566638          0.602631809190     c 
          2.656151717683          0.952925520823          0.212003754372     c 
          4.222796828310          2.406923708675         -0.106947447977     n 
         -1.679848956067         -0.184437487262         -0.825102764251     c 
         -3.043970254019          2.161950266058         -0.151920369640     c 
         -4.001886331434         -0.282735835899          0.595752735746     n 
          2.954404739567         -3.893925881378          0.622059464626     h 
          0.255304242760         -1.009878627738          2.638724336394     h 
         -1.637456843124         -0.796034439560         -2.784431171001     h 
         -3.971404417936          3.219410688250         -1.639995411978     h 
         -2.334349889430          3.310578761180          1.384365836595     h 
         -5.523292400874         -0.894265291769         -0.397730845728     h 
$end
