           1           2   1.00154563821069     
           2           3   1.00246967993121     
           3           4   2.86904300417724     
           2           5  0.949736931313155     
           5           6  0.976571616985014     
           5           7  0.980818965172823     
           6           7  0.976474989662683     
           1           8  0.868914751517806     
           2           9  0.931625836703539     
           5          10  0.966824839018724     
           6          11  0.976105443225116     
           6          12  0.972719718217042     
           7          13  0.958615072461680     
