$coord
         -2.095625662747         -3.152859088858         -0.449572975641     c 
         -2.784023792869         -0.709117452962          0.852483478250     c 
         -3.618302264995          1.534090854363         -0.598171636409     c 
         -1.224941795791          1.535963588526          0.710504849187     n 
          1.086640524976          1.519348218270         -0.732700557020     c 
          3.153895953442          0.178136604283          0.677818818807     c 
          5.064696532029         -0.625220918550         -0.249608926943     o 
         -3.682192549577         -4.455662331658         -0.337650769769     h 
         -0.471656776023         -4.023953209292          0.471172655848     h 
         -1.641480822131         -2.861360996240         -2.432751997314     h 
         -3.587385453904         -0.972794075851          2.723664337640     h 
         -5.034558234914          2.793073634982          0.166533199123     h 
         -3.608739220250          1.405603452474         -2.646083365807     h 
          1.694352255968          3.492968668142         -0.951802951678     h 
          0.923366079714          0.717543070437         -2.647599144939     h 
          2.768618887925         -0.003430847698          2.723952639068     h 
$end
