           1           2   1.01464479053478     
           2           3  0.973807522102139     
           2           4  0.954659189081263     
           3           4  0.963461570390871     
           4           5   1.02443000360123     
           5           6   1.00460567440025     
           6           7   1.89324972501258     
           1           8  0.981111074358517     
           1           9  0.981477787239794     
           1          10  0.981504191887406     
           2          11  0.965555500707815     
           3          12  0.975420781122444     
           3          13  0.970442078803759     
           5          14  0.927427923814620     
           5          15  0.932507983520719     
           6          16  0.929659340537795     
