   -0.04081552
   -0.01561906
    0.00327509
   -0.03774695
   -0.00095125
    0.05697367
   -0.19790018
    0.09520409
   -0.03509916
   -0.02812957
    0.02977174
   -0.03199855
   -0.03480288
   -0.02759350
   -0.01980246
   -0.06063323
   -0.10313522
    0.03337957
   -0.03867027
    0.08942686
   -0.22809334
    0.07014063
    0.03522162
    0.03442445
    0.03684617
    0.04392467
    0.05276678
    0.05347138
    0.04178193
    0.03693233
    0.03756424
    0.04568279
    0.06490945
    0.03929368
