$coord
        -12.357060925861          0.001013681314          0.283095061946     c 
        -10.507240142745          1.809231342254          0.323301616362     c 
         -7.985255331455          1.041611984045          0.109183976084     c 
         -5.972448772081          2.775791537414          0.143586005566     c 
         -3.475944706127          1.962902633042          0.000233004910     c 
         -1.386362109929          3.621653587873          0.085521858025     c 
          1.008753455884          2.945992845762          0.017352632462     n 
          1.491154738017          0.411996469387         -0.131889823648     c 
          4.006174400238         -0.430543761650         -0.146269858421     c 
          6.057067249073          1.159637426597         -0.199845030756     c 
          8.572656093159          0.264514439264         -0.068469843356     c 
         10.662483921739          1.924908863242         -0.294943945437     c 
         13.077592780347          0.997612738121         -0.132877352099     c 
         13.524226706189         -1.583020541737          0.256979352439     c 
         11.509584254055         -3.213436557724          0.470339992501     c 
          9.153248741074         -2.252657312599          0.303090899824     c 
         -0.460862976236         -1.316771140922         -0.241433174585     c 
         -2.971004260085         -0.685052181759         -0.190424766174     c 
         -4.964491750269         -2.396443372680         -0.284153269171     c 
         -7.479963934958         -1.604104400858         -0.136658843768     c 
         -9.352370150033         -3.353044329418         -0.206686564725     n 
        -11.697251502455         -2.500251291599         -0.001998621974     c 
        -14.312084794989          0.537475760958          0.457798970424     h 
        -10.961652817054          3.781165178375          0.547265039507     h 
         -6.367681025258          4.759674039848          0.333759784954     h 
         -1.762277011110          5.610690820312          0.266951406415     h 
          4.333899126542         -2.433333503787         -0.142874022780     h 
          5.735816517324          3.160222877302         -0.335028920933     h 
         10.332300872112          3.910537524231         -0.589653691846     h 
         14.659528142989          2.262250670031         -0.304090236606     h 
         15.430338885310         -2.286113022884          0.385367313025     h 
         11.776663932800         -5.214654694346          0.777689228180     h 
         -4.573631115215         -4.381085562331         -0.452190040630     h 
        -13.164971122720         -3.914148478149         -0.058074813154     h 
$end
