           1           2   1.5960011569624792     
           2           3   1.2467860660785139     
           3           4   1.3659345300483334     
           4           5   1.3896686548775901     
           5           6   1.2088036982575345     
           6           7   1.6263747325741731     
           7           8   1.1679013990555771     
           8           9   1.1238804937126394     
           9          10   1.7330334944293251     
          10          11   1.1186644247709425     
          11          12   1.3064737800952564     
          12          13   1.4640351578505617     
          11          14  0.10097775711364811     
          13          14   1.4386879468308391     
          12          15  0.10552277208722764     
          14          15   1.3581785614755280     
          11          16   1.3790493085839663     
          15          16   1.5096051672091766     
           6          17  0.10582315649335897     
           8          17   1.4781198092143126     
           5          18   1.1373755587268111     
          17          18   1.2981402280253707     
           4          19  0.12976105647733294     
          18          19   1.3528237368045746     
           3          20   1.1835684492587006     
          19          20   1.3702802046107514     
           2          21  0.10654191507705406     
          20          21   1.2431212393565561     
           1          22   1.2597227610602875     
          21          22   1.5982833168755568     
           1          23  0.97024732645821243     
           2          24  0.96703077310353081     
           4          25  0.96129415090041737     
           6          26  0.94833240458740131     
           9          27  0.96010801924650013     
          10          28  0.96124629369360770     
          12          29  0.95937744154992854     
          13          30  0.96274908171008478     
          14          31  0.96375006368875737     
          15          32  0.95581542320386259     
          19          33  0.96365323048898843     
          22          34  0.96239299243058862     
