$coord
         -4.951680802011          0.068613757974         -0.764014045785     n 
         -2.708878354486         -0.124479779808         -0.081086932583     c 
         -0.726813219236         -2.153299243074          0.397096406445     c 
          0.930670262046          0.161713758574          1.055934811257     c 
         -1.150382640542          1.826781909104          0.532013876449     o 
          3.124457985112          0.524723298583         -0.717609710956     c 
          5.206735149541         -0.290710229813         -0.362621038596     o 
         -5.841906329497         -1.583769638572         -1.145415457920     h 
         -0.144747367919         -3.218606601008         -1.262916016615     h 
         -1.117858442611         -3.431190298095          1.957290410409     h 
          1.533955088639          0.280849361376          3.029229845830     h 
          2.611659718649          1.579230192792         -2.447135816794     h 
$end
