           1           2   1.85487557900323     
           2           3  0.955900585903681     
           3           4  0.951846433901196     
           1           5  0.136053499134093     
           2           5   1.07581656429712     
           4           5  0.952514378426082     
           4           6  0.991129160401319     
           6           7   1.93400120604791     
           1           8  0.936281941193532     
           3           9  0.964525129305966     
           3          10  0.962442149523383     
           4          11  0.950375500721999     
           6          12  0.928051867948220     
