   -0.01587817
   -0.07066588
    0.01729486
    0.00209165
   -0.04267957
   -0.00120560
   -0.05981982
   -0.02338049
   -0.01615202
   -0.03240060
   -0.02334090
   -0.05160365
   -0.03032674
    0.03821925
   -0.12768690
    0.04726771
   -0.03318649
   -0.01169928
   -0.03811129
   -0.04708461
   -0.01697924
   -0.02077371
   -0.07833071
   -0.02471042
   -0.02751621
   -0.02312223
   -0.02027289
   -0.03121685
   -0.14565327
    0.44621963
   -0.12088811
    0.02882431
    0.03173637
    0.01933238
    0.03597293
    0.04832812
    0.04626685
    0.04166467
    0.15439147
    0.04519345
    0.02733644
    0.02230328
    0.03196609
    0.15848554
    0.02318152
    0.02577436
    0.01593659
   -0.08689598
   -0.08620582
