$coord
        -11.339204002833          0.381166740990         -2.978200698949     c 
         -9.142395621460         -2.025704804095         -3.282345724947     s 
         -7.322800095567         -0.969814275466         -0.733328631884     c 
         -5.029381979679         -2.227325300600          0.038504674029     c 
         -4.099493256570         -4.301082066527         -1.141529923829     c 
         -1.746909555789         -5.075824255562          0.036200012450     c 
          0.285971967314         -6.526211459464         -0.503907666025     c 
          2.270057672546         -6.018743932988          1.504463100701     c 
          1.233818649350         -3.807493064989          3.059755966271     c 
          4.524001909870         -4.327064438105          0.907388044603     c 
         -1.252141642859         -3.448930631486          2.238482120906     c 
         -3.277301988373         -1.448798234074          2.178293700678     c 
          6.841454550787         -3.450299873241         -0.167286833338     c 
          8.774074468922         -3.881926446726         -2.029585317593     c 
         10.298929049786         -1.901270065535         -2.120345518626     n 
          9.672835796459          0.038584236027         -0.162267095529     c 
          7.267574779385         -1.035422017756          0.882428897077     c 
          5.267676016350         -0.221917512102          2.357462300440     c 
          4.940130012578          2.311435550348          3.308108194407     c 
          6.099906761678          4.388395511364          2.389029422579     c 
          7.826560433266          4.588133049217          0.240943210787     c 
          8.344847202618          6.852342362935         -0.977017146769     c 
         10.034243162301          6.416266710705         -2.869985195131     n 
         10.644935608533          3.899061757302         -2.894479681156     c 
          9.317918920401          2.713441553970         -1.007829868766     c 
          3.588457968130         -2.376853102305          2.441826617795     c 
         -8.455318095112          1.163371022028          0.282762661230     c 
         -7.670695185012          2.810741452684          2.417491217971     c 
         -9.051028622054          4.881499510202          2.806622636052     c 
        -11.578239452693          4.960837046928          0.419024799365     si
        -10.727780362293          1.899384879653         -1.025464905465     c 
        -12.944369787545          0.634314911416         -4.189603809695     h 
         -4.936968313982         -5.201595942350         -2.755474394535     h 
          0.514120361294         -7.643159339840         -2.185117893577     h 
          2.751537768082         -7.680430794967          2.671147990751     h 
         -2.451763808596          0.411765169577          1.812297115148     h 
         -4.280889997427         -1.388955187341          3.983697643584     h 
          8.889840808163         -5.509106979011         -3.240094230807     h 
         11.840028305638         -1.536295574379         -3.230390796082     h 
         11.138216146703         -0.019760146912          1.310947981589     h 
          3.578345814595          2.523767363700          4.805719516935     h 
          5.615921770335          6.174192185620          3.240854894634     h 
          7.572588279020          8.673435005125         -0.486669195498     h 
         10.752415172375          7.751885055681         -4.072250079491     h 
         12.022879071372          3.024746867619         -4.114507351658     h 
         -6.095166658333          2.326678294339          3.610788204882     h 
         -8.739168064591          6.240963987379          4.276208148287     h 
        -11.126991905132          7.007427337486         -1.428928663148     h 
        -14.128375820798          4.850253875800          1.565946336961     h 
$end
