           1           2   1.1590027363980635     
           2           3   1.1015176275850538     
           3           4   1.1686476628007676     
           4           5   1.6471063538446318     
           5           6   1.1449718004948861     
           6           7   1.6257336448451039     
           7           8   1.0369714817782341     
           8           9  0.95561207494022893     
           8          10  0.93506834424134844     
           6          11   1.0902731108017745     
           9          11   1.6359852724762824     
           4          12  0.99826052067092919     
          11          12   1.0150757259235512     
          10          13   1.1984966253554512     
          13          14   1.4680692641365123     
          14          15   1.2879637655281539     
          15          16  0.97389015983231186     
          13          17   1.0992788056298803     
          16          17   1.0044829856174982     
          17          18   1.5158710604250838     
          18          19   1.1404069231993601     
          19          20   1.7356792631033664     
          20          21   1.1155886828747867     
          21          22   1.4696448804753712     
          22          23   1.2405550221820139     
          22          24  0.13523170909908871     
          23          24   1.2155651226699546     
          16          25  0.97485639305359384     
          21          25   1.2410627843873305     
          24          25   1.5401191934441214     
           9          26   1.0859539128478479     
          10          26   1.4768531740947723     
          18          26   1.1249675933897829     
           3          27   1.4544534951076487     
          27          28   1.1316334428218109     
          28          29   1.8198485444822214     
          29          30  0.91853797030281492     
           1          31   1.6623007285274825     
          27          31   1.2011523154349302     
          30          31  0.86814821975730405     
           1          32  0.97122691357618884     
           5          33  0.96446614733777492     
           7          34  0.97144661357018913     
           8          35  0.94054592178191143     
          12          36  0.94468428446903352     
          12          37  0.95007551434371340     
          14          38  0.96413056315368351     
          15          39  0.94963102430615720     
          16          40  0.92544785963680132     
          19          41  0.96602658247255968     
          20          42  0.96564116905450104     
          22          43  0.97051946196606231     
          23          44  0.94793168964284014     
          24          45  0.97074727017008788     
          28          46  0.96093054880458584     
          29          47  0.98028874778260899     
          30          48  0.88095025533173765     
          30          49  0.88113791736721170     
