$coord
         -6.229272520259         -0.650539729534          0.500629157928     c 
         -3.598898981087         -0.148674188380         -0.045569545891     c 
         -1.430582454783          0.291809104108         -0.532039865133     c 
          1.223893122176          0.833308044511         -1.027626078916     c 
          2.183588839186          3.046896274625          0.562302500458     c 
          2.700287912075         -1.564496785831         -0.551562298221     c 
          4.501589750293         -1.764200477886          0.811614646509     o 
         -6.396399421772         -2.367879668351          1.625091645554     h 
         -7.281620782831         -0.890327735207         -1.253255874688     h 
         -7.036207301899          0.922008026187          1.557269011092     h 
          1.429705598224          1.265821439272         -3.050323883362     h 
          1.979222119958          2.615771420749          2.561923166486     h 
          1.115153809325          4.749006587282          0.135892780969     h 
          4.173878552144          3.376959645930          0.168820080696     h 
          1.940627805821         -3.215512569485         -1.593834776528     h 
$end
