           1           2   1.06815592030960     
           2           3   2.80007216621799     
           3           4   1.01243736630249     
           4           5  0.991037320490954     
           4           6  0.977626597914562     
           6           7   1.91706310850372     
           1           8  0.963154706360718     
           1           9  0.963541320503988     
           1          10  0.962576588122328     
           4          11  0.917054478253424     
           5          12  0.986555893613632     
           5          13  0.986687238573066     
           5          14  0.984085877239609     
           6          15  0.932308893148926     
