$coord
          2.648555574987          0.000466177841         -0.000012260595     c 
          1.311857569483          2.253457994677          0.000017295458     c 
         -1.307390230286          2.142087015416          0.000118775971     c 
         -2.594439882045         -0.000461937451         -0.000009735495     n 
         -1.306601495262         -2.142520633238         -0.000125460466     c 
          1.312660789511         -2.252991790635          0.000004076740     c 
          4.691387345823          0.000752410060         -0.000044442729     h 
          2.275090326557          4.051460371333         -0.000303899695     h 
         -2.438532454973          3.847480174308         -0.000459945031     h 
         -2.436944125679         -3.848443598411          0.000573887108     h 
          2.276334272092         -4.050773439072          0.000340766559     h 
$end
