           1           2   1.44259885649647     
           2           3   1.42668046620550     
           1           4  0.104013932771734     
           3           4   1.44056088172748     
           2           5  0.116792171526290     
           4           5   1.44056086829619     
           1           6   1.44259884815933     
           3           6  0.116792170032503     
           5           6   1.42668047391978     
           1           7  0.970105769171360     
           2           8  0.970310082893213     
           3           9  0.964254155921595     
           5          10  0.964254156696160     
           6          11  0.970310082776993     
