   -0.08276235
   -0.00906506
   -0.06387559
   -0.06453145
    0.02603790
    0.00515725
   -0.03856215
   -0.04025674
    0.00427388
    0.00746616
   -0.04967312
   -0.02404788
    0.05811322
   -0.17125417
    0.06123997
   -0.01692964
    0.01904104
   -0.06236523
   -0.11107453
   -0.00921804
   -0.08723498
   -0.01212612
   -0.00610972
   -0.02379005
   -0.04475372
    0.02254681
   -0.01580043
    0.05919643
   -0.16429517
    0.05502079
   -0.02350314
   -0.00071340
    0.15691234
    0.02756420
    0.02642645
    0.02663845
    0.03654892
    0.03494036
    0.01811700
    0.04157635
    0.04887961
    0.02602720
    0.15357941
    0.02776205
    0.03299457
    0.04295263
    0.05184030
    0.05108937
