$coord
         12.900366223787         -2.174462237852          0.634225413428     n 
         15.257819476597         -1.210581531980          0.965326250036     c 
         15.090849822610          1.394232315841          0.966452549945     c 
         12.568537084341          2.033358815532          0.621154005559     c 
         11.188128362885         -0.203757139526          0.428535872271     c 
          8.465244017666         -0.457549427199          0.166258288952     c 
          7.282476350930         -2.827367573391          0.311766488038     c 
          4.716309639042         -3.064174396685          0.139739478412     c 
          3.128505381354         -0.963850667355         -0.235892253760     c 
          4.328078367729          1.445197163612         -0.331277892024     c 
          6.940141353580          1.650112949109         -0.142516584896     c 
          2.779648877202          3.677237222552         -0.542621581283     c 
          3.335240430022          6.249721939110         -0.629625550803     c 
          1.166211668657          7.621376022658         -0.751285558454     o 
         -0.787240941344          5.954420210536         -0.719951545348     c 
          0.136643984286          3.493165502047         -0.590193037395     c 
         -1.109950556454          1.070754257468         -0.467076841511     c 
         -3.681883255150          0.895972245860         -0.394783944987     c 
        -13.457511111116         -1.149417565864          0.538341346905     c 
        -15.780508594606         -0.354915302672          1.033090478415     c 
        -15.741766266563          2.309386305829          1.178674775821     n 
        -13.380587114042          3.111927777471          0.720615353540     c 
        -11.825409054803          0.946201703943          0.324629323263     c 
         -9.192218902982          0.940444129818          0.052653799220     c 
         -7.780963596017         -1.234442440138         -0.139122005167     c 
         -5.137453489781         -1.252564346208         -0.308343519901     c 
         -3.690482252204         -3.556771948402         -0.390361358309     c 
         -4.447336545036         -6.081540570545         -0.471616868419     c 
         -2.390598016816         -7.594254214363         -0.647143814154     o 
         -0.327465133328         -6.082202601450         -0.695123830340     c 
         -1.001383947791         -3.520925239871         -0.487203870590     c 
          0.397337820601         -1.170687658423         -0.414247933292     c 
         12.450398249350         -4.051953445997          0.566886903644     h 
         16.952008283387         -2.307104119138          1.265489138743     h 
         16.637979687563          2.699482856085          1.206025552194     h 
         11.829902842386          3.927377661315          0.518659113394     h 
          8.422457231250         -4.482629599957          0.612202769068     h 
          3.900537419919         -4.894922237966          0.416749920244     h 
          7.791259527479          3.490598809178         -0.204313886617     h 
          5.209599771918          7.063815152979         -0.576009368203     h 
         -2.767820693391          6.463390602045         -0.739790098690     h 
        -17.429412649175         -1.533260586632          1.306647265795     h 
        -17.288963495521          3.383224387987          1.620913499004     h 
        -12.768871440734          5.055667015246          0.764186533261     h 
         -8.227556764060          2.726629241778          0.070158256044     h 
         -8.767701470770         -3.011040128028         -0.113086667405     h 
         -6.380735692044         -6.742488569709         -0.461890404739     h 
          1.518501676546         -6.898603146893         -1.008625943602     h 
$end
