           1           2   1.2487229138469349     
           2           3   1.5199184564826469     
           3           4   1.3657694431420642     
           1           5   1.1902097362946611     
           2           5  0.11883610645488202     
           4           5   1.4493658818991231     
           5           6   1.1069150995188453     
           6           7   1.3093502901437843     
           7           8   1.5211565829999623     
           8           9   1.3172665710307796     
           9          10   1.2815518335426059     
           6          11   1.3952317112478994     
          10          11   1.3821381489236648     
          10          12   1.1253507952361081     
          12          13   1.5039588613892434     
          13          14   1.1425687665028441     
          13          15  0.16662459004797020     
          14          15   1.1458164789110916     
          12          16   1.1894692695592513     
          15          16   1.5004120422826752     
          16          17   1.1176336759169678     
          17          18   1.3209111951068553     
          19          20   1.6021625369639656     
          20          21   1.1631300239896099     
          20          22  0.12984256724716148     
          21          22   1.2581366761399266     
          19          23   1.2319262808355944     
          22          23   1.4026385574260327     
          23          24   1.1613645443946354     
          24          25   1.6866218949219567     
          18          26   1.5329514642327622     
          25          26   1.1476945849020823     
          26          27   1.0785480232031683     
          27          28   1.4797502134816714     
          28          29   1.1522733099779672     
          28          30  0.18428942209885463     
          29          30   1.1500604133963945     
          27          31   1.1764029804153531     
          30          31   1.4667007167757835     
           9          32   1.1579700736334131     
          17          32   1.3150572726275145     
          31          32   1.1735621403501895     
           1          33  0.94193595814551490     
           2          34  0.97099757177591983     
           3          35  0.97494928837716677     
           4          36  0.97292356180010509     
           7          37  0.96655622466573177     
           8          38  0.96180918301162666     
          11          39  0.96272495686987614     
          13          40  0.96621323572079931     
          15          41  0.96620993467996674     
          20          42  0.97138760526211010     
          21          43  0.94603865071859428     
          22          44  0.96672665448433415     
          24          45  0.95739956887471100     
          25          46  0.96154028064434793     
          28          47  0.96497940647078606     
          30          48  0.96023774539350593     
