    0.06729125
   -0.20651051
    0.02603869
    0.01458373
    0.00101034
    0.00027312
    0.00970968
    0.00337994
    0.01521102
    0.03635668
   -0.22853550
    0.10481337
   -0.02286091
    0.00113791
    0.03990708
   -0.02973970
   -0.00126927
   -0.03777604
   -0.02332834
   -0.02501929
   -0.00020025
    0.06646602
   -0.20540594
    0.05656056
    0.05813178
   -0.20970148
    0.06611881
    0.05982796
    0.05132265
    0.05192220
    0.06137948
    0.04835167
    0.05717455
    0.04669541
    0.04668333
