$coord
         15.013696309437          0.193188362251         -0.042801322755     c 
         14.483621961382          2.578360574678          0.103062564707     n 
         11.936998867449          3.006969019228          0.173345556081     c 
         10.432961723828          0.899607746939          0.053688654724     c 
         12.358983040390         -1.729950522061         -0.113235010325     s 
          7.744182023997          0.762191381580          0.051069429363     c 
          5.694870144080          3.314831537357          0.157978039533     s 
          3.013262492421          1.430903949274          0.068222537378     c 
          0.472346539230          2.292801396644          0.061529853531     c 
         -0.419194902101          4.734316554910          0.114276200379     c 
         -2.963051440079          5.021467937606          0.090831952983     n 
         -4.155636322506          2.845226560000         -0.000896676286     c 
         -2.073759856007          0.262009585975         -0.019108686568     s 
         -6.842531268256          2.542146604145         -0.098010411294     c 
         -9.141248534187          4.928898009147         -0.248092461872     s 
        -11.637108876334          2.806218070104         -0.212129838686     c 
        -10.740440429545          0.387366880807         -0.112472710751     c 
        -11.996736795719         -2.105533593979          0.040051814585     c 
        -10.449327858873         -4.081925501863          0.221005741630     c 
         -6.984945057163         -3.143682251955          0.145564134029     se
         -8.045907136864          0.259333815667         -0.074079881286     c 
          3.694177555929         -1.117971779248         -0.013410929449     c 
          2.029390770684         -3.069202863517         -0.105798719696     n 
          3.141397938944         -5.253367798344         -0.219085896095     c 
          5.763273946617         -5.622051387280         -0.247508297314     c 
          7.434637123485         -3.830575055701         -0.156747023672     n 
          6.379415647226         -1.491407677836         -0.041063878671     c 
         16.918892458455         -0.508769978702         -0.124576545674     h 
         11.189994610313          4.906833529468          0.317965322622     h 
          0.824105423200          6.352784088077          0.176745111836     h 
        -13.595595594187          3.322207064793         -0.243301391863     h 
        -14.025238837549         -2.275951155951          0.067122563808     h 
        -11.054493109360         -6.013877046417          0.380056047949     h 
          1.918103444014         -6.885845294070         -0.275236208752     h 
          6.493361872164         -7.524775049480         -0.356179370595     h 
$end
