           1           2   1.6185738047242062     
           2           3   1.3043977341561868     
           3           4   1.4644387182493448     
           1           5   1.1870351569624058     
           2           5  0.15557015458410897     
           4           5   1.1387951561983887     
           4           6   1.1929847869826382     
           6           7   1.1489924704397472     
           7           8   1.1547949139192806     
           8           9   1.2141269569888056     
           9          10   1.4220313224911512     
          10          11   1.3551251813473697     
          11          12   1.4796831667876285     
           9          13   1.1148022419285024     
          11          13  0.13115413708536536     
          12          13   1.0924659329930531     
          12          14   1.1949622855378357     
          14          15   1.1124896973253482     
          15          16   1.2318418230270534     
          16          17   1.4835836761011589     
          17          18   1.1538106576354463     
          18          19   1.7205170510152301     
          18          20  0.10750932116402087     
          19          20   1.1385453045158782     
          14          21   1.4191294958215919     
          17          21   1.1908695642857410     
          20          21   1.1250405891650763     
           8          22   1.3083348454520656     
          22          23   1.2849115579519115     
          23          24   1.5594615025296827     
          24          25   1.2550854461218539     
          25          26   1.5679046597349195     
           6          27   1.3249342197423433     
          22          27   1.1506342727137009     
          26          27   1.2733744780718088     
           1          28  0.96416380870781937     
           3          29  0.95841006722592392     
          10          30  0.95760670899009459     
          16          31  0.96576176462883478     
          18          32  0.95903130777708367     
          19          33  0.95572979186201557     
          24          34  0.96230211239864027     
          25          35  0.96202592544180199     
