$coord
         -4.541633686596         -0.036666462488          0.172329897712     o 
         -2.490956015591         -0.024381125027         -0.752790409283     c 
         -0.041113951279         -0.002102119560          0.810350863100     c 
          1.399927217257          2.247317238128          0.197630300780     c 
          2.516971350130          4.024541141608         -0.293942273001     n 
          1.443209313527         -2.223225929889          0.198103679431     c 
          2.594882350686         -3.978192499281         -0.293680496123     n 
         -2.155037182736         -0.027753499608         -2.808723213112     h 
         -0.496824681763         -0.005801231818          2.837576279311     h 
$end
