$coord
         -2.430555572628          1.315619955425         -0.000031530924     c 
         -0.000019091118         -0.176053686679          0.000242742961     c 
          2.430402702348          1.315891925357         -0.000044114425     c 
          0.000166037483         -2.462327761155         -0.000064329090     o 
         -2.115873812855          3.340712764241          0.001549471078     h 
         -3.535818349831          0.784636472246          1.652839202222     h 
         -3.533979600532          0.787205288752         -1.654947934337     h 
          2.115474053046          3.340937887521          0.002773030318     h 
          3.533409537265          0.788272009234         -1.655457129257     h 
          3.536201711872          0.784129623467          1.652273324653     h 
$end
