$coord
         -1.480254472545          3.342014858713         -0.295585686403     o 
         -0.701766756336          0.950599740724          0.602787414563     c 
         -2.655257810893         -0.953540562177          0.213041838518     c 
         -4.220638023862         -2.408698764537         -0.107063404074     n 
          1.680134309388          0.186028215929         -0.824840762512     c 
          3.043513372382         -2.161297995386         -0.153401671411     c 
          4.001574575922          0.282492892295          0.596808424820     n 
         -2.955938936837          3.893473533354          0.622226805477     h 
         -0.255006801359          1.011744996522          2.638828593873     h 
          1.638527435893          0.798861335694         -2.783821402673     h 
          3.971052349134         -3.217548179489         -1.642340804009     h 
          2.333454692807         -3.311347119154          1.381631734903     h 
          5.523869347926          0.894909557912         -0.394924547858     h 
$end
