           1           2   1.00152612657282     
           2           3   1.00246063870682     
           3           4   2.86904902687686     
           2           5  0.949742226975711     
           5           6  0.976562034766334     
           5           7  0.980812623622907     
           6           7  0.976483093947210     
           1           8  0.868988619382653     
           2           9  0.931642137774972     
           5          10  0.966823259534148     
           6          11  0.976102632311142     
           6          12  0.972711737461037     
           7          13  0.958622287157771     
