$coord
          3.844790554123         -0.000860464298         -0.000146602545     c 
          1.138203647971          0.003648749779          0.000201706377     n 
         -0.191532284697         -2.085034470006          0.000085064665     n 
         -2.580272632760         -1.321649223506         -0.000125704004     c 
         -2.583858518900          1.316622265737         -0.000111645996     c 
         -0.198214877169          2.088477459601          0.000099050613     n 
          4.469581297145         -1.958359554590          0.012957896546     h 
          4.548072590696          0.981133185523          1.669504057723     h 
          4.548580090540          0.958192039347         -1.682998061306     h 
         -4.119071428774         -2.633172592558         -0.000002355411     h 
         -4.126568444554          2.623812776008         -0.000247830597     h 
$end
