           1           2  0.996178256592634     
           2           3   1.27379709922005     
           3           4   1.46583146204182     
           4           5   1.40454938950470     
           2           6   1.27391265350762     
           3           6  0.186897541689383     
           5           6   1.46540181945470     
           1           7  0.973541791476259     
           1           8  0.965087666536480     
           1           9  0.975238310060409     
           4          10  0.971005197540107     
           5          11  0.971006785565743     
