$coord
        -12.236535874198         -1.199766795535         -1.352528557255     c 
        -12.689631267035          0.763991338743          0.209638596337     c 
        -10.492525411239          1.623292016932          1.522515040423     c 
         -8.377616579556          0.285914858662          0.976119645051     c 
         -9.078805785230         -2.018144464862         -1.267014414981     s 
         -5.821993671648          0.742372652597          2.121668364396     c 
         -4.371529969561          2.855505771166          0.836628941501     c 
         -2.092914773397          1.981089028656          0.228212205868     c 
          1.009580380873          3.163107233104         -1.185030594474     se
          2.352074904352         -0.125507742151         -0.449030532416     c 
          0.664244021181         -1.753304508588          0.547573353965     c 
          1.959269092364         -4.824695785492          1.246906482527     s 
          4.839765789256         -4.078275878106         -0.396680368125     c 
          6.634070590637         -4.352683402155         -2.189423312521     c 
          6.936906738018         -1.530819290685         -2.640330364725     c 
          8.815259657227         -0.052076739465         -1.003024141665     c 
         11.023826863989          1.141221433249         -0.252866493545     c 
         10.739369845371          2.070556195480          2.141610633647     o 
          8.353524004225          1.487705452045          2.930230090197     c 
          7.124066573080          0.165850274632          1.029808595328     c 
          5.003488955478         -1.218819941356         -0.388916754473     c 
         -1.874453339699         -0.687782530942          0.932698020886     c 
         -4.039596158573         -1.491482607359          1.992216759276     c 
        -13.599571435666         -2.146488160130         -2.520984811214     h 
        -14.538730889343          1.594905538647          0.451801843488     h 
        -10.498509686149          3.162479959362          2.860315876763     h 
         -5.022306293358          4.752247994557          0.499959436277     h 
          7.481136753306         -6.020200892797         -3.017031669312     h 
          6.272821650159         -0.704562186969         -4.442744461468     h 
         12.722398954180          1.311335037715         -1.376425957722     h 
          7.524222272325          2.030796796521          4.715488111866     h 
         -6.082361116954          1.240473553229          4.129484553059     h 
         -4.390087184585         -3.358051673649          2.713315191775     h 
$end
