           1           2   1.6348222460008170     
           2           3   1.2638121237145168     
           1           4  0.11313723825933104     
           3           4   1.5988426618889060     
           1           5   1.1906035072626979     
           4           5   1.1620866742867220     
           4           6  0.97893643753678483     
           6           7  0.99404658506258703     
           7           8   1.7365199993155478     
           8           9   1.0618895674321582     
           9          10   1.0670919406520523     
          10          11   1.5959452225924728     
          11          12   1.0141561639984724     
          12          13   1.0558497260688047     
          12          14  0.10705530302974461     
          13          14   1.8034798312426263     
          14          15  0.98571913503696595     
          15          16  0.98260364598466543     
          16          17   1.6115402327993924     
          17          18   1.1139386453927307     
          17          19  0.13992766103032900     
          18          19   1.1186750004341295     
          16          20   1.2121796890777201     
          19          20   1.6014311833431534     
          10          21   1.0310108678939827     
          13          21  0.94485714551400757     
          15          21  0.91143549613416341     
          20          21  0.95267311242671149     
           8          22   1.0532225605071259     
          11          22   1.1391575613859315     
           6          23   1.0109074786296099     
           7          23  0.12343122062627010     
          22          23   1.6753841032769408     
           1          24  0.97042404824565198     
           2          25  0.96455440294940487     
           3          26  0.96458595662013225     
           7          27  0.96874135432255593     
          14          28  0.96843630201561459     
          15          29  0.95398198196173833     
          17          30  0.96395558322412289     
          19          31  0.96367015334172168     
           6          32  0.91959968484133536     
          23          33  0.96862505375575569     
