$coord
          3.844790486233         -0.000860494952         -0.000147603367     c 
          1.138203604213          0.003648519246          0.000203214067     n 
         -0.191532444979         -2.085034524431          0.000085980556     n 
         -2.580272806477         -1.321649104680         -0.000126507391     c 
         -2.583858353654          1.316622496008         -0.000112370247     c 
         -0.198214643845          2.088477420463          0.000099284495     n 
          4.469582057560         -1.958358877112          0.013031642931     h 
          4.548071998475          0.981198914471          1.669464267582     h 
          4.548580289228          0.958125946880         -1.683036953597     h 
         -4.119071544982         -2.633172536460         -0.000006733365     h 
         -4.126568192246          2.623813115108         -0.000245316232     h 
$end
