           1           2  0.996210889087053     
           2           3   1.27367388850203     
           3           4   1.46629254714739     
           4           5   1.40456387499245     
           2           6   1.27403511164899     
           3           6  0.186886781943001     
           5           6   1.46493567551073     
           1           7  0.970667032048121     
           1           8  0.966469052981621     
           1           9  0.976654258966638     
           4          10  0.971003173329849     
           5          11  0.971008355628213     
