$coord
         -6.229968116409         -0.650570396355          0.500557871534     c 
         -3.599467559658         -0.148993227205         -0.045462075409     c 
         -1.431420892508          0.291975362407         -0.532554894914     c 
          1.223424314232          0.832232803052         -1.027047917186     c 
          2.182758242746          3.046901625584          0.561610133646     c 
          2.699980956415         -1.565129896306         -0.549128407921     c 
          4.504768962820         -1.762378869701          0.809874740315     o 
         -7.365291902791         -0.400491462019         -1.199293922740     h 
         -6.901717493665          0.645585694674          1.952907931248     h 
         -6.448723613580         -2.583627716624          1.176518072618     h 
          1.430650624770          1.263323077478         -3.049950465286     h 
          1.972564976404          2.619562313640          2.561461930949     h 
          1.118215304723          4.750037928965          0.129622754219     h 
          4.174589870372          3.372962164148          0.172656576289     h 
          1.937804367795         -3.217940762309         -1.586658224065     h 
$end
