           1           2   1.06815057996332     
           2           3   2.80016999813426     
           3           4   1.01261576399457     
           4           5  0.991013470323260     
           4           6  0.977693415560493     
           6           7   1.91703851912557     
           1           8  0.963511365423866     
           1           9  0.962578266439746     
           1          10  0.963199834855490     
           4          11  0.916829457506706     
           5          12  0.986693453471234     
           5          13  0.984068876690878     
           5          14  0.986567240830857     
           6          15  0.932298533368979     
