$coord
         -5.015032078951         -0.425336823469          0.000374564300     c 
         -2.363568584371         -1.045952126808          0.000635724623     n 
         -0.470926190157          0.671506843422         -0.000000527672     c 
         -0.613001838962          3.075156456718         -0.001074970508     n 
          2.118844020202         -0.530400694611         -0.000336136858     c 
          4.314912065279          1.246799747875          0.001213900268     c 
          2.320489519052         -2.816025542942         -0.000915314005     o 
         -6.112787434512         -2.159835577409         -0.001937471959     h 
         -5.509317027002          0.678793260162         -1.677760631671     h 
         -5.510812086431          0.675258546534          1.680442384612     h 
         -1.829923782301         -2.878300489997          0.001753872944     h 
         -2.403590817771          3.770410440075         -0.001248626671     h 
          3.646395620965          3.183805053330          0.003539145635     h 
          5.477275277678          0.882439291266         -1.657035861469     h 
          5.478213639177          0.878585524819          1.657963622325     h 
$end
