           1           2   1.00708469624516     
           2           3   1.23166204040540     
           2           4  0.218533139069890     
           3           4   1.69261961689900     
           3           5  0.952732544389759     
           5           6   1.02312023322935     
           5           7   1.84339775976199     
           1           8  0.982176946209301     
           1           9  0.979460704340235     
           1          10  0.972987502087540     
           2          11  0.936895745473288     
           4          12  0.950344586067642     
           6          13  0.981190101356126     
           6          14  0.947518708997956     
           6          15  0.948668496584093     
