$coord
          2.648555569216          0.000466104501         -0.000012203626     c 
          1.311857637240          2.253457967014          0.000017271288     c 
         -1.307390175990          2.142087060357          0.000118745608     c 
         -2.594439875084         -0.000461865944         -0.000009676286     n 
         -1.306601563466         -2.142520607448         -0.000125481565     c 
          1.312660729479         -2.252991833553          0.000004034818     c 
          4.691387341304          0.000752276067         -0.000044297292     h 
          2.275090454227          4.051460313160         -0.000303982718     h 
         -2.438532330800          3.847480265457         -0.000460015973     h 
         -2.436944222241         -3.848443551236          0.000573863227     h 
          2.276334167036         -4.050773506767          0.000340698105     h 
$end
