           1           2   1.44259893575405     
           2           3   1.42668041106461     
           1           4  0.104013979625240     
           3           4   1.44056099164326     
           2           5  0.116792152892402     
           4           5   1.44056066089621     
           1           6   1.44259868162737     
           3           6  0.116792131663578     
           5           6   1.42668067738652     
           1           7  0.970105776514635     
           2           8  0.970310085120821     
           3           9  0.964254150734808     
           5          10  0.964254161439034     
           6          11  0.970310081346105     
