$coord
         -4.541628151667         -0.020000009080         -0.172652226861     o 
         -2.491193056977         -0.013475470569          0.752782411138     c 
         -0.041010854832         -0.001146672412         -0.809802132545     c 
          1.433291280066         -2.229008643796         -0.197579683267     c 
          2.577385792336         -3.989074922452          0.293323526154     n 
          1.409867380594          2.241998778011         -0.197255031946     c 
          2.534588654417          4.014637261422          0.293397010203     n 
         -2.155882497257         -0.014758888894          2.808786357669     h 
         -0.496412752708         -0.003549950546         -2.837144402103     h 
$end
