$coord
         -2.094454317330         -3.153103085065         -0.449364631287     c 
         -2.783560326373         -0.709513648081          0.852512390603     c 
         -3.618576612722          1.533306737927         -0.598335304966     c 
         -1.225259063427          1.536126979149          0.710295807663     n 
          1.086524632014          1.520294702253         -0.732531007871     c 
          3.153827686670          0.179022635815          0.677951856394     c 
          5.063814165490         -0.625811336241         -0.249823195587     o 
         -3.681351718145         -4.455706292594         -0.339106898373     h 
         -0.471427318128         -4.024665959462          0.472653517108     h 
         -1.638467865401         -2.861340459532         -2.432086185236     h 
         -3.586741888133         -0.973223555743          2.723760690038     h 
         -5.035227775889          2.791893921570          0.166371669920     h 
         -3.609203938015          1.404676312799         -2.646234862359     h 
          1.693965595689          3.494149137670         -0.950742924066     h 
          0.923757803600          0.719128016302         -2.647760252152     h 
          2.769419278784         -0.000686627930          2.724403383234     h 
$end
