           1           2   1.01465551207865     
           2           3  0.973825473173474     
           2           4  0.954636670450030     
           3           4  0.963451834891652     
           4           5   1.02440816850857     
           5           6   1.00462827029952     
           6           7   1.89321400490436     
           1           8  0.981093059114340     
           1           9  0.981484581005609     
           1          10  0.981515097260785     
           2          11  0.965558279042625     
           3          12  0.975420949299290     
           3          13  0.970430386777681     
           5          14  0.927372713576781     
           5          15  0.932574556127799     
           6          16  0.929678606757573     
